ki = 1.5e+4; kp = 107.3;
9.6 4352
11 161


1.042 3.128e+4   interno
10.13 4780